1 0.36796875 0.2953125 0.04375 0.0328125
1 0.68359375 0.4125 0.0453125 0.0265625
1 0.83203125 0.31484375 0.0390625 0.0328125
1 0.978125 0.3390625 0.04375 0.0390625
1 0.7765625 0.1609375 0.034375 0.0296875
1 0.9015625 0.49140625 0.0296875 0.0359375
1 0.6390625 0.72109375 0.034375 0.04375
1 0.53125 0.546875 0.0390625 0.040625
1 0.39296875 0.42421875 0.0359375 0.03125
1 0.30390625 0.3796875 0.0453125 0.04375
1 0.02890625 0.42421875 0.0296875 0.03125
1 0.08671875 0.31953125 0.025 0.0203125
1 0.66484375 0.50390625 0.0359375 0.0359375