1 0.46484375 0.553125 0.040625 0.04375
1 0.603125 0.43046875 0.028125 0.034375
1 0.68515625 0.38125 0.04375 0.05625
1 0.63359375 0.30625 0.040625 0.03125
1 0.9703125 0.42578125 0.0265625 0.0296875
1 0.8546875 0.36171875 0.03125 0.03125
1 0.91015625 0.31875 0.021875 0.021875
1 0.9421875 0.265625 0.0203125 0.021875
1 0.36328125 0.72734375 0.0296875 0.0453125
1 0.3171875 0.4078125 0.0390625 0.0265625
1 0.16953125 0.31875 0.0359375 0.0265625
1 0.0203125 0.34140625 0.0359375 0.0328125
1 0.1078125 0.490625 0.034375 0.0390625