1 0.6421875 0.71875 0.0390625 0.034375
1 0.53125 0.55546875 0.04375 0.0390625
1 0.39296875 0.4328125 0.0265625 0.0296875
1 0.31640625 0.38203125 0.0453125 0.0484375
1 0.36875 0.3078125 0.0453125 0.0484375
1 0.8953125 0.49375 0.0359375 0.040625
1 0.98203125 0.33984375 0.0359375 0.0453125
1 0.8421875 0.3234375 0.0453125 0.040625
1 0.77421875 0.16015625 0.028125 0.03125
1 0.03125 0.42578125 0.025 0.034375
1 0.09140625 0.32109375 0.0296875 0.03125
1 0.146875 0.359375 0.0328125 0.0265625
1 0.0578125 0.2703125 0.0203125 0.021875