1 0.51953125 0.375 0.025 0.0296875
1 0.53515625 0.2828125 0.05625 0.0453125
1 0.6234375 0.2984375 0.0703125 0.0578125
1 0.490625 0.11796875 0.025 0.0296875
1 0.49375 0.0515625 0.0359375 0.0265625
1 0.3734375 0.04453125 0.03125 0.0265625
1 0.4625 0.5578125 0.0515625 0.04375
1 0.353125 0.7203125 0.0328125 0.040625
1 0.80078125 0.73046875 0.0390625 0.053125
1 0.66484375 0.859375 0.0359375 0.03125
1 0.83984375 0.875 0.03125 0.034375
1 0.921875 0.6140625 0.0359375 0.040625
1 0.90859375 0.359375 0.0203125 0.0265625