0 0.646875 0.2328125 0.2375 0.196875
0 0.2796875 0.1515625 0.121875 0.15
0 0.640625 0.378125 0.28125 0.15
0 0.25625 0.346875 0.121875 0.1125
0 0.1625 0.2796875 0.11875 0.15625
0 0.9609375 0.34375 0.078125 0.14375
0 0.815625 0.1265625 0.209375 0.253125
0 0.83125 0.403125 0.084375 0.16875
0 0.0765625 0.4203125 0.1 0.08125
0 0.0609375 0.65625 0.121875 0.13125
0 0.0765625 0.8359375 0.153125 0.240625
0 0.203125 0.803125 0.1125 0.1375
0 0.434375 0.8203125 0.65625 0.28125
0 0.615625 0.896875 0.25625 0.20625
0 0.8828125 0.9203125 0.234375 0.159375
0 0.815625 0.7078125 0.1125 0.21875
0 0.93125 0.7359375 0.1375 0.13125
0 0.13125 0.4875 0.09375 0.26875