0 0.821875 0.3296875 0.19375 0.23125
0 0.903125 0.690625 0.146875 0.121875
0 0.678125 0.3359375 0.15 0.275
0 0.7109375 0.715625 0.10625 0.121875
0 0.7765625 0.8078125 0.153125 0.115625
0 0.7125 0.0296875 0.1375 0.059375
0 0.9015625 0.1546875 0.196875 0.190625
0 0.6546875 0.146875 0.16875 0.08125
0 0.6375 0.8921875 0.075 0.1
0 0.403125 0.9109375 0.13125 0.125
0 0.2265625 0.8984375 0.2375 0.159375
0 0.2578125 0.7671875 0.1375 0.1125
0 0.2421875 0.5390625 0.275 0.646875
0 0.153125 0.359375 0.228125 0.253125
0 0.1109375 0.1078125 0.221875 0.215625
0 0.353125 0.1609375 0.215625 0.1125
0 0.325 0.0578125 0.128125 0.115625
0 0.5703125 0.8375 0.2625 0.09375