0 0.3328125 0.175 0.21875 0.18125
0 0.671875 0.1 0.1125 0.1375
0 0.3390625 0.309375 0.259375 0.1375
0 0.69375 0.278125 0.1125 0.1
0 0.7796875 0.21875 0.10625 0.14375
0 0.0390625 0.2765625 0.078125 0.134375
0 0.171875 0.096875 0.184375 0.19375
0 0.1625 0.33125 0.075 0.159375
0 0.859375 0.3484375 0.09375 0.071875
0 0.878125 0.565625 0.115625 0.121875
0 0.865625 0.73125 0.15 0.225
0 0.7421875 0.7015625 0.10625 0.13125
0 0.528125 0.71875 0.60625 0.259375
0 0.3625 0.8015625 0.2375 0.2125
0 0.1171875 0.86875 0.23125 0.2625
0 0.175 0.6125 0.10625 0.2
0 0.065625 0.6375 0.13125 0.11875
0 0.809375 0.409375 0.0875 0.246875