0 0.7671875 0.353125 0.196875 0.2375
0 0.8484375 0.7203125 0.15 0.121875
0 0.621875 0.359375 0.15 0.28125
0 0.653125 0.74375 0.1125 0.121875
0 0.7203125 0.8375 0.15625 0.11875
0 0.65625 0.0390625 0.14375 0.078125
0 0.8734375 0.184375 0.253125 0.209375
0 0.596875 0.16875 0.16875 0.084375
0 0.5796875 0.9234375 0.08125 0.1
0 0.34375 0.9390625 0.13125 0.121875
0 0.1640625 0.9234375 0.240625 0.153125
0 0.196875 0.796875 0.1375 0.1125
0 0.1796875 0.565625 0.28125 0.65625
0 0.103125 0.384375 0.20625 0.25625
0 0.0796875 0.1171875 0.159375 0.234375
0 0.2921875 0.184375 0.21875 0.1125
0 0.2640625 0.06875 0.13125 0.1375
0 0.5125 0.86875 0.26875 0.09375