0 0.178125 0.3296875 0.19375 0.23125
0 0.096875 0.690625 0.146875 0.121875
0 0.321875 0.3359375 0.15 0.275
0 0.2890625 0.715625 0.10625 0.121875
0 0.2234375 0.8078125 0.153125 0.115625
0 0.2875 0.0296875 0.1375 0.059375
0 0.0984375 0.1546875 0.196875 0.190625
0 0.3453125 0.146875 0.16875 0.08125
0 0.3625 0.8921875 0.075 0.1
0 0.596875 0.9109375 0.13125 0.125
0 0.7734375 0.8984375 0.2375 0.159375
0 0.7421875 0.7671875 0.1375 0.1125
0 0.7578125 0.5390625 0.275 0.646875
0 0.846875 0.359375 0.228125 0.253125
0 0.8890625 0.1078125 0.221875 0.215625
0 0.646875 0.1609375 0.215625 0.1125
0 0.675 0.0578125 0.128125 0.115625
0 0.4296875 0.8375 0.2625 0.09375