0 0.6671875 0.175 0.21875 0.18125
0 0.328125 0.1 0.1125 0.1375
0 0.6609375 0.309375 0.259375 0.1375
0 0.30625 0.278125 0.1125 0.1
0 0.2203125 0.21875 0.10625 0.14375
0 0.9609375 0.2765625 0.078125 0.134375
0 0.828125 0.096875 0.184375 0.19375
0 0.8375 0.33125 0.075 0.159375
0 0.140625 0.3484375 0.09375 0.071875
0 0.121875 0.565625 0.115625 0.121875
0 0.134375 0.73125 0.15 0.225
0 0.2578125 0.7015625 0.10625 0.13125
0 0.471875 0.71875 0.60625 0.259375
0 0.6375 0.8015625 0.2375 0.2125
0 0.8828125 0.86875 0.23125 0.2625
0 0.825 0.6125 0.10625 0.2
0 0.934375 0.6375 0.13125 0.11875
0 0.190625 0.409375 0.0875 0.246875