0 0.6703125 0.178125 0.23125 0.19375
0 0.309375 0.096875 0.121875 0.146875
0 0.6640625 0.321875 0.275 0.15
0 0.284375 0.2890625 0.121875 0.10625
0 0.1921875 0.2234375 0.115625 0.153125
0 0.9703125 0.2875 0.059375 0.1375
0 0.8453125 0.0984375 0.190625 0.196875
0 0.853125 0.3453125 0.08125 0.16875
0 0.1078125 0.3625 0.1 0.075
0 0.0890625 0.596875 0.125 0.13125
0 0.1015625 0.7734375 0.159375 0.2375
0 0.2328125 0.7421875 0.1125 0.1375
0 0.4609375 0.7578125 0.646875 0.275
0 0.640625 0.846875 0.253125 0.228125
0 0.8921875 0.8890625 0.215625 0.221875
0 0.8390625 0.646875 0.1125 0.215625
0 0.9421875 0.675 0.115625 0.128125
0 0.1625 0.4296875 0.09375 0.2625