0 0.825 0.3328125 0.18125 0.21875
0 0.9 0.671875 0.1375 0.1125
0 0.690625 0.3390625 0.1375 0.259375
0 0.721875 0.69375 0.1 0.1125
0 0.78125 0.7796875 0.14375 0.109375
0 0.7234375 0.0390625 0.134375 0.078125
0 0.903125 0.171875 0.19375 0.184375
0 0.66875 0.1625 0.159375 0.075
0 0.6515625 0.859375 0.071875 0.09375
0 0.434375 0.878125 0.121875 0.115625
0 0.26875 0.865625 0.225 0.15
0 0.2984375 0.7421875 0.13125 0.10625
0 0.28125 0.528125 0.259375 0.60625
0 0.1984375 0.3625 0.2125 0.2375
0 0.13125 0.1171875 0.2625 0.23125
0 0.3875 0.175 0.2 0.10625
0 0.3625 0.065625 0.11875 0.13125
0 0.590625 0.809375 0.246875 0.0875