0 0.2265625 0.03125 0.03125 0.015625
0 0.61875 0.053125 0.01875 0.015625
0 0.4984375 0.2578125 0.021875 0.0125
0 0.5515625 0.3359375 0.01875 0.0125
0 0.4484375 0.615625 0.025 0.015625
0 0.553125 0.5765625 0.025 0.0125
0 0.459375 0.83125 0.025 0.0125
0 0.5078125 0.846875 0.025 0.015625
0 0.4125 0.94375 0.025 0.0125
0 0.53125 0.9203125 0.021875 0.0125
0 0.65625 0.603125 0.0125 0.015625
0 0.68125 0.7765625 0.015625 0.0125
0 0.7 0.759375 0.015625 0.00625
0 0.784375 0.6453125 0.00625 0.00625
0 0.73125 0.6265625 0.0125 0.00625
0 0.8421875 0.540625 0.0125 0.00625
0 0.8375 0.5625 0.00625 0.00625
0 0.946875 0.5375 0.009375 0.00625
0 0.9375 0.6140625 0.0125 0.00625
0 0.8234375 0.70625 0.0125 0.00625
0 0.8453125 0.696875 0.009375 0.00625