0 0.45625 0.7640625 0.028125 0.015625
0 0.5328125 0.6875 0.025 0.0125
0 0.5703125 0.4453125 0.0375 0.0125
0 0.4734375 0.4015625 0.028125 0.0125
0 0.525 0.196875 0.025 0.0125
0 0.5734375 0.184375 0.0125 0.0125
0 0.4953125 0.090625 0.025 0.009375
0 0.6 0.1171875 0.01875 0.0125
0 0.6796875 0.425 0.01875 0.009375
0 0.7453125 0.2765625 0.0125 0.00625
0 0.73125 0.259375 0.0125 0.009375
0 0.75625 0.403125 0.009375 0.00625
0 0.859375 0.3296875 0.0125 0.00625
0 0.8140625 0.3859375 0.01875 0.00625
0 0.88125 0.340625 0.0125 0.00625
0 0.85625 0.471875 0.0125 0.00625
0 0.85625 0.4953125 0.0125 0.00625
0 0.9609375 0.503125 0.0125 0.00625
0 0.9609375 0.4265625 0.0125 0.00625