0 0.54375 0.7640625 0.028125 0.015625
0 0.4671875 0.6875 0.025 0.0125
0 0.4296875 0.4453125 0.0375 0.0125
0 0.5265625 0.4015625 0.028125 0.0125
0 0.475 0.196875 0.025 0.0125
0 0.4265625 0.184375 0.0125 0.0125
0 0.5046875 0.090625 0.025 0.009375
0 0.4 0.1171875 0.01875 0.0125
0 0.3203125 0.425 0.01875 0.009375
0 0.2546875 0.2765625 0.0125 0.00625
0 0.26875 0.259375 0.0125 0.009375
0 0.24375 0.403125 0.009375 0.00625
0 0.140625 0.3296875 0.0125 0.00625
0 0.1859375 0.3859375 0.01875 0.00625
0 0.11875 0.340625 0.0125 0.00625
0 0.14375 0.471875 0.0125 0.00625
0 0.14375 0.4953125 0.0125 0.00625
0 0.0390625 0.503125 0.0125 0.00625
0 0.0390625 0.4265625 0.0125 0.00625