0 0.03125 0.7734375 0.015625 0.03125
0 0.053125 0.38125 0.015625 0.01875
0 0.2578125 0.5015625 0.0125 0.021875
0 0.3359375 0.4484375 0.0125 0.01875
0 0.615625 0.5515625 0.015625 0.025
0 0.5765625 0.446875 0.0125 0.025
0 0.83125 0.540625 0.0125 0.025
0 0.846875 0.4921875 0.015625 0.025
0 0.94375 0.5875 0.0125 0.025
0 0.9203125 0.46875 0.0125 0.021875
0 0.603125 0.34375 0.015625 0.0125
0 0.7765625 0.31875 0.0125 0.015625
0 0.759375 0.3 0.00625 0.015625
0 0.6453125 0.215625 0.00625 0.00625
0 0.6265625 0.26875 0.00625 0.0125
0 0.540625 0.1578125 0.00625 0.0125
0 0.5625 0.1625 0.00625 0.00625
0 0.5375 0.053125 0.00625 0.009375
0 0.6140625 0.0625 0.00625 0.0125
0 0.70625 0.1765625 0.00625 0.0125
0 0.696875 0.1546875 0.00625 0.009375