0 0.54375 0.2359375 0.028125 0.015625
0 0.4671875 0.3125 0.025 0.0125
0 0.4296875 0.5546875 0.0375 0.0125
0 0.5265625 0.5984375 0.028125 0.0125
0 0.475 0.803125 0.025 0.0125
0 0.4265625 0.815625 0.0125 0.0125
0 0.5046875 0.909375 0.025 0.009375
0 0.4 0.8828125 0.01875 0.0125
0 0.3203125 0.575 0.01875 0.009375
0 0.2546875 0.7234375 0.0125 0.00625
0 0.26875 0.740625 0.0125 0.009375
0 0.24375 0.596875 0.009375 0.00625
0 0.140625 0.6703125 0.0125 0.009375
0 0.1859375 0.6140625 0.01875 0.00625
0 0.11875 0.659375 0.0125 0.00625
0 0.14375 0.528125 0.0125 0.00625
0 0.14375 0.5046875 0.0125 0.00625
0 0.0390625 0.496875 0.0125 0.00625
0 0.0390625 0.5734375 0.0125 0.00625