0 0.3921875 0.4796875 0.01875 0.0125
0 0.4515625 0.5890625 0.025 0.0125
0 0.425 0.6453125 0.021875 0.0125
0 0.5578125 0.659375 0.015625 0.0125
0 0.425 0.753125 0.015625 0.009375
0 0.459375 0.8765625 0.015625 0.0125
0 0.5015625 0.915625 0.015625 0.0125
0 0.5171875 0.934375 0.015625 0.00625
0 0.4734375 0.7890625 0.015625 0.009375
0 0.521875 0.7546875 0.00625 0.015625
0 0.6234375 0.775 0.021875 0.00625
0 0.64375 0.809375 0.015625 0.0125
0 0.5546875 0.1359375 0.025 0.015625
0 0.471875 0.1078125 0.01875 0.0125
0 0.1859375 0.01875 0.021875 0.0125