0 0.4796875 0.6078125 0.0125 0.01875
0 0.5890625 0.5484375 0.0125 0.025
0 0.6453125 0.575 0.0125 0.021875
0 0.659375 0.4421875 0.0125 0.015625
0 0.753125 0.575 0.009375 0.015625
0 0.8765625 0.540625 0.0125 0.015625
0 0.915625 0.4984375 0.0125 0.015625
0 0.934375 0.4828125 0.00625 0.015625
0 0.7890625 0.5265625 0.009375 0.015625
0 0.7546875 0.478125 0.015625 0.00625
0 0.775 0.3765625 0.00625 0.021875
0 0.809375 0.35625 0.0125 0.015625
0 0.1359375 0.4453125 0.015625 0.025
0 0.1078125 0.528125 0.0125 0.01875
0 0.01875 0.8140625 0.0125 0.021875