0 0.4546875 0.384375 0.05 0.03125
0 0.440625 0.1875 0.059375 0.040625
0 0.575 0.3234375 0.025 0.01875
0 0.603125 0.1890625 0.040625 0.03125
0 0.640625 0.1125 0.03125 0.021875
0 0.6859375 0.04375 0.034375 0.021875
0 0.703125 0.1390625 0.025 0.025
0 0.7296875 0.2484375 0.025 0.01875
0 0.8984375 0.1828125 0.025 0.0125
0 0.9359375 0.203125 0.025 0.0125
0 0.9796875 0.2296875 0.021875 0.0125
0 0.7234375 0.05625 0.028125 0.01875
0 0.7734375 0.10625 0.03125 0.015625
0 0.7734375 0.146875 0.03125 0.01875
0 0.790625 0.190625 0.01875 0.021875
0 0.8234375 0.2125 0.0125 0.01875
0 0.965625 0.3140625 0.0125 0.0125