0 0.615625 0.5453125 0.03125 0.05
0 0.8125 0.559375 0.040625 0.059375
0 0.6765625 0.425 0.01875 0.025
0 0.8109375 0.396875 0.03125 0.040625
0 0.8875 0.359375 0.021875 0.03125
0 0.95625 0.3140625 0.021875 0.034375
0 0.8609375 0.296875 0.025 0.025
0 0.7515625 0.2703125 0.01875 0.025
0 0.8171875 0.1015625 0.0125 0.025
0 0.796875 0.0640625 0.0125 0.025
0 0.7703125 0.0203125 0.0125 0.021875
0 0.94375 0.2765625 0.01875 0.028125
0 0.89375 0.2265625 0.015625 0.03125
0 0.853125 0.2265625 0.01875 0.03125
0 0.809375 0.209375 0.021875 0.01875
0 0.7875 0.1765625 0.01875 0.0125
0 0.6859375 0.034375 0.0125 0.0125