0 0.384375 0.5453125 0.03125 0.05
0 0.1875 0.559375 0.040625 0.059375
0 0.3234375 0.425 0.01875 0.025
0 0.1890625 0.396875 0.03125 0.040625
0 0.1125 0.359375 0.021875 0.03125
0 0.04375 0.3140625 0.021875 0.034375
0 0.1390625 0.296875 0.025 0.025
0 0.2484375 0.2703125 0.01875 0.025
0 0.1828125 0.1015625 0.0125 0.025
0 0.203125 0.0640625 0.0125 0.025
0 0.2296875 0.0203125 0.0125 0.021875
0 0.05625 0.2765625 0.01875 0.028125
0 0.10625 0.2265625 0.015625 0.03125
0 0.146875 0.2265625 0.01875 0.03125
0 0.190625 0.209375 0.021875 0.01875
0 0.2125 0.1765625 0.01875 0.0125
0 0.3140625 0.034375 0.0125 0.0125