0 0.5703125 0.21875 0.028125 0.0125
0 0.478125 0.2953125 0.01875 0.0125
0 0.403125 0.5375 0.025 0.015625
0 0.4921875 0.5859375 0.025 0.009375
0 0.41875 0.78125 0.021875 0.0125
0 0.36875 0.7921875 0.025 0.01875
0 0.3265625 0.853125 0.025 0.0125
0 0.43125 0.8796875 0.01875 0.0125
0 0.61875 0.9875 0.01875 0.0125
0 0.246875 0.9671875 0.025 0.01875
0 0.2953125 0.55625 0.01875 0.01875
0 0.209375 0.7 0.015625 0.009375
0 0.2234375 0.7140625 0.0125 0.00625
0 0.2140625 0.5734375 0.0125 0.009375
0 0.1546875 0.5859375 0.0125 0.009375
0 0.121875 0.4765625 0.0125 0.0125
0 0.121875 0.5 0.01875 0.00625
0 0.0140625 0.4625 0.0125 0.00625
0 0.0796875 0.628125 0.0125 0.009375
0 0.0984375 0.6390625 0.015625 0.00625
0 0.00625 0.5421875 0.00625 0.00625