0 0.4296875 0.78125 0.028125 0.0125
0 0.521875 0.7046875 0.01875 0.0125
0 0.596875 0.4625 0.025 0.015625
0 0.5078125 0.4140625 0.025 0.009375
0 0.58125 0.21875 0.021875 0.0125
0 0.63125 0.2078125 0.025 0.01875
0 0.6734375 0.146875 0.025 0.0125
0 0.56875 0.1203125 0.01875 0.0125
0 0.38125 0.0125 0.01875 0.0125
0 0.753125 0.0328125 0.025 0.01875
0 0.7046875 0.44375 0.01875 0.01875
0 0.790625 0.3 0.015625 0.009375
0 0.7765625 0.2859375 0.0125 0.00625
0 0.7859375 0.4265625 0.0125 0.009375
0 0.8453125 0.4140625 0.0125 0.009375
0 0.878125 0.5234375 0.0125 0.0125
0 0.878125 0.5 0.01875 0.00625
0 0.9859375 0.5375 0.0125 0.00625
0 0.9203125 0.371875 0.0125 0.009375
0 0.9015625 0.3609375 0.015625 0.00625
0 0.99375 0.4578125 0.00625 0.00625