0 0.3765625 0.7046875 0.025 0.0375
0 0.1140625 0.4484375 0.025 0.0375
0 0.2265625 0.5671875 0.025 0.05
1 0.3078125 0.24722222187499998 0.30182291562499997 0.240740740625 0.29192708437500003 0.24953703749999998 0.288541665625 0.2754629625 0.3078125 0.24722222187499998
1 0.15130208437499998 0.32453703749999996 0.138541665625 0.345833334375 0.14713541562500002 0.3388888875 0.18125 0.289814815625 0.184114584375 0.28194444375 0.15130208437499998 0.32453703749999996
1 0.289322915625 0.245370371875 0.2859375 0.24305555625 0.2625 0.289351853125 0.289322915625 0.245370371875
1 0.2546875 0.26574074062499997 0.264322915625 0.254629628125 0.265364584375 0.24490740625 0.2546875 0.253240740625 0.2546875 0.26574074062499997
1 0.26015625 0.276851853125 0.272916665625 0.25740740624999997 0.271614584375 0.24953703749999998 0.25494791562499997 0.275 0.26015625 0.276851853125
1 0.1875 0.276851853125 0.2078125 0.24953703749999998 0.20286458437500002 0.24861111249999998 0.1875 0.276851853125
1 0.172395834375 0.35555555625 0.197395834375 0.320833334375 0.21875 0.29490740625 0.21510416562499998 0.29305555625 0.171354165625 0.352777778125 0.172395834375 0.35555555625
1 0.176041665625 0.34259259375 0.20703125 0.300925925 0.204427084375 0.299074075 0.172395834375 0.34305555625 0.176041665625 0.34259259375
1 0.176302084375 0.3111111125 0.1796875 0.3138888875 0.211458334375 0.27453703749999997 0.176302084375 0.3111111125