0 0.6234375 0.7046875 0.025 0.0375
0 0.8859375 0.4484375 0.025 0.0375
0 0.7734375 0.5671875 0.025 0.05
1 0.711458334375 0.2754629625 0.7080729156250001 0.24953703749999998 0.6981770843749999 0.240740740625 0.6921875 0.24722222187499998 0.711458334375 0.2754629625
1 0.852864584375 0.3388888875 0.8614583343750001 0.345833334375 0.848697915625 0.32453703749999996 0.8158854156249999 0.28194444375 0.81875 0.289814815625 0.852864584375 0.3388888875
1 0.7375 0.289351853125 0.7140625 0.24305555625 0.710677084375 0.245370371875 0.7375 0.289351853125
1 0.7453125 0.253240740625 0.734635415625 0.24490740625 0.735677084375 0.254629628125 0.7453125 0.26574074062499997 0.7453125 0.253240740625
1 0.7450520843749999 0.275 0.728385415625 0.24953703749999998 0.727083334375 0.25740740624999997 0.73984375 0.276851853125 0.7450520843749999 0.275
1 0.797135415625 0.24861111249999998 0.7921875 0.24953703749999998 0.8125 0.276851853125 0.797135415625 0.24861111249999998
1 0.78125 0.29490740625 0.8026041656249999 0.320833334375 0.8276041656249999 0.35555555625 0.8286458343750001 0.352777778125 0.784895834375 0.29305555625 0.78125 0.29490740625
1 0.8276041656249999 0.34305555625 0.795572915625 0.299074075 0.79296875 0.300925925 0.8239583343750001 0.34259259375 0.8276041656249999 0.34305555625
1 0.788541665625 0.27453703749999997 0.8203125 0.3138888875 0.8236979156249999 0.3111111125 0.788541665625 0.27453703749999997