0 0.2953125 0.6234375 0.0375 0.025
0 0.5515625 0.8859375 0.0375 0.025
0 0.4328125 0.7734375 0.05 0.025
1 0.7245370375 0.711458334375 0.7504629625 0.7080729156250001 0.759259259375 0.6981770843749999 0.752777778125 0.6921875 0.7245370375 0.711458334375
1 0.6611111125 0.852864584375 0.654166665625 0.8614583343750001 0.6754629624999999 0.848697915625 0.7180555562500001 0.8158854156249999 0.710185184375 0.81875 0.6611111125 0.852864584375
1 0.710648146875 0.7375 0.7569444437499999 0.7140625 0.754629628125 0.710677084375 0.710648146875 0.7375
1 0.746759259375 0.7453125 0.7550925937499999 0.734635415625 0.745370371875 0.735677084375 0.734259259375 0.7453125 0.746759259375 0.7453125
1 0.725 0.7450520843749999 0.7504629625 0.728385415625 0.74259259375 0.727083334375 0.7231481468750001 0.73984375 0.725 0.7450520843749999
1 0.7513888875 0.797135415625 0.7504629625 0.7921875 0.7231481468750001 0.8125 0.7513888875 0.797135415625
1 0.70509259375 0.78125 0.679166665625 0.8026041656249999 0.64444444375 0.8276041656249999 0.647222221875 0.8286458343750001 0.70694444375 0.784895834375 0.70509259375 0.78125
1 0.6569444437499999 0.8276041656249999 0.7009259250000001 0.795572915625 0.699074075 0.79296875 0.65740740625 0.8239583343750001 0.6569444437499999 0.8276041656249999
1 0.7254629625 0.788541665625 0.6861111125 0.8203125 0.6888888875 0.8236979156249999 0.7254629625 0.788541665625