0 0.7671875 0.334375 0.0125 0.0125
0 0.7828125 0.1859375 0.0125 0.00625
0 0.825 0.3140625 0.0125 0.00625
0 0.8359375 0.8234375 0.009375 0.00625
0 0.7671875 0.7203125 0.009375 0.0125
0 0.81875 0.690625 0.0125 0.009375
1 0.836744640625 0.8939144750000001 0.8313840156250001 0.8829495625 0.826510721875 0.8873355281249999 0.836744640625 0.8939144750000001
1 0.8528265125000001 0.8873355281249999 0.8484405468749999 0.8796600874999999 0.840643275 0.8837719312500001 0.8528265125000001 0.8873355281249999
1 0.8484405468749999 0.8733552625 0.8474658875 0.859649121875 0.840643275 0.8621162281249999 0.8484405468749999 0.8733552625
0 0.8265625 0.5890625 0.00625 0.009375
0 0.9015625 0.53125 0.00625 0.00625
0 0.8296875 0.5796875 0.00625 0.00625
0 0.8359375 0.575 0.00625 0.00625
0 0.9515625 0.56875 0.00625 0.00625
0 0.946875 0.565625 0.00625 0.00625
0 0.9375 0.565625 0.00625 0.00625