0 0.7671875 0.665625 0.0125 0.0125
0 0.7828125 0.8140625 0.0125 0.00625
0 0.825 0.6859375 0.0125 0.00625
0 0.8359375 0.1765625 0.009375 0.00625
0 0.7671875 0.2796875 0.009375 0.0125
0 0.81875 0.309375 0.0125 0.009375
1 0.826510721875 0.11266447187499999 0.8313840156250001 0.11705043749999999 0.836744640625 0.10608552499999999 0.826510721875 0.11266447187499999
1 0.840643275 0.11622806875 0.8484405468749999 0.12033991250000001 0.8528265125000001 0.11266447187499999 0.840643275 0.11622806875
1 0.840643275 0.137883771875 0.8474658875 0.140350878125 0.8484405468749999 0.1266447375 0.840643275 0.137883771875
0 0.8265625 0.4109375 0.00625 0.009375
0 0.9015625 0.46875 0.00625 0.00625
0 0.8296875 0.4203125 0.00625 0.00625
0 0.8359375 0.425 0.00625 0.00625
0 0.9515625 0.43125 0.00625 0.00625
0 0.946875 0.434375 0.00625 0.00625
0 0.9375 0.434375 0.00625 0.00625