0 0.665625 0.2328125 0.0125 0.0125
0 0.8140625 0.2171875 0.00625 0.0125
0 0.6859375 0.175 0.00625 0.0125
0 0.1765625 0.1640625 0.00625 0.009375
0 0.2796875 0.2328125 0.0125 0.009375
0 0.309375 0.18125 0.009375 0.0125
1 0.11266447187499999 0.17348927812499998 0.11705043749999999 0.168615984375 0.10608552499999999 0.163255359375 0.11266447187499999 0.17348927812499998
1 0.11622806875 0.159356725 0.12033991250000001 0.15155945312500002 0.11266447187499999 0.1471734875 0.11622806875 0.159356725
1 0.137883771875 0.159356725 0.140350878125 0.15253411249999999 0.1266447375 0.15155945312500002 0.137883771875 0.159356725
0 0.4109375 0.1734375 0.009375 0.00625
0 0.46875 0.0984375 0.00625 0.00625
0 0.4203125 0.1703125 0.00625 0.00625
0 0.425 0.1640625 0.00625 0.00625
0 0.43125 0.0484375 0.00625 0.00625
0 0.434375 0.053125 0.00625 0.00625
0 0.434375 0.0625 0.00625 0.00625