0 0.325 0.8171875 0.028125 0.021875
0 0.51875 0.8375 0.03125 0.025
0 0.3671875 0.415625 0.0375 0.01875
0 0.45625 0.3765625 0.0375 0.01875
0 0.2859375 0.2109375 0.028125 0.025
0 0.5015625 0.2421875 0.025 0.01875
0 0.6703125 0.6890625 0.015625 0.015625
0 0.6984375 0.3453125 0.025 0.0125
0 0.6765625 0.3234375 0.01875 0.0125
0 0.834375 0.403125 0.0125 0.00625
0 0.7875 0.475 0.0125 0.00625
0 0.7234375 0.5015625 0.0125 0.00625
0 0.8375 0.5640625 0.0125 0.00625
0 0.8421875 0.5875 0.009375 0.009375
0 0.8546875 0.4125 0.0125 0.00625
0 0.9484375 0.5015625 0.0125 0.00625
0 0.953125 0.5859375 0.0125 0.00625