0 0.325 0.1828125 0.028125 0.021875
0 0.51875 0.1625 0.03125 0.025
0 0.3671875 0.584375 0.0375 0.01875
0 0.45625 0.6234375 0.0375 0.01875
0 0.2859375 0.7890625 0.028125 0.021875
0 0.5015625 0.7578125 0.025 0.01875
0 0.6703125 0.3109375 0.015625 0.015625
0 0.6984375 0.6546875 0.025 0.0125
0 0.6765625 0.6765625 0.01875 0.0125
0 0.834375 0.596875 0.0125 0.00625
0 0.7875 0.525 0.0125 0.00625
0 0.7234375 0.4984375 0.0125 0.00625
0 0.8375 0.4359375 0.0125 0.00625
0 0.8421875 0.4125 0.009375 0.009375
0 0.8546875 0.5875 0.0125 0.00625
0 0.9484375 0.4984375 0.0125 0.00625
0 0.953125 0.4140625 0.0125 0.00625