0 0.8171875 0.675 0.021875 0.028125
0 0.8375 0.48125 0.025 0.03125
0 0.415625 0.6328125 0.01875 0.0375
0 0.3765625 0.54375 0.01875 0.0375
0 0.2109375 0.7140625 0.025 0.028125
0 0.2421875 0.4984375 0.01875 0.025
0 0.6890625 0.3296875 0.015625 0.015625
0 0.3453125 0.3015625 0.0125 0.025
0 0.3234375 0.3234375 0.0125 0.01875
0 0.403125 0.165625 0.00625 0.0125
0 0.475 0.2125 0.00625 0.0125
0 0.5015625 0.2765625 0.00625 0.0125
0 0.5640625 0.1625 0.00625 0.0125
0 0.5875 0.1578125 0.009375 0.009375
0 0.4125 0.1453125 0.00625 0.0125
0 0.5015625 0.0515625 0.00625 0.0125
0 0.5859375 0.046875 0.00625 0.0125