0 0.040625 0.6265625 0.04375 0.0375
0 0.9421875 0.271875 0.01875 0.0125
0 0.8203125 0.1390625 0.021875 0.0125
1 0.440476190625 0.748511903125 0.4642857125 0.7537202375 0.544973546875 0.7566964281249999 0.579365078125 0.766369046875 0.5846560843749999 0.73288690625 0.59920635 0.73288690625 0.621693121875 0.7150297625 0.6362433875 0.7306547625 0.648148146875 0.714285715625 0.6230158718750001 0.6964285718750001 0.5886243375 0.7209821437499999 0.566137565625 0.718005953125 0.5370370375 0.737351190625 0.5119047625 0.747023809375 0.48148148125 0.73288690625 0.5066137562499999 0.703125 0.527777778125 0.7053571437499999 0.515873015625 0.6852678562500001 0.5608465625 0.668898809375 0.554232803125 0.659226190625 0.5119047625 0.677083334375 0.45370370312499997 0.7224702375 0.45238095312500004 0.697916665625 0.40079364999999995 0.741815475 0.37698412812500004 0.7306547625 0.421957671875 0.7068452375 0.41137566249999996 0.688244046875 0.37698412812500004 0.70907738125 0.383597884375 0.713541665625 0.34920635 0.74032738125 0.328042328125 0.7537202375 0.34920635 0.77157738125 0.384920634375 0.7700892875 0.40211640312499997 0.779761903125 0.34259259375 0.8244047625 0.45767195625 0.791666665625 0.435185184375 0.773809525 0.440476190625 0.748511903125
1 0.5859788375 0.7924107125 0.5634920625000001 0.789434525 0.51984126875 0.809523809375 0.50529100625 0.843005953125 0.5291005281250001 0.84151785625 0.54232804375 0.81473214375 0.551587303125 0.8199404749999999 0.5859788375 0.7924107125
1 0.509259259375 0.651785715625 0.514550265625 0.6584821437499999 0.653439153125 0.648809525 0.597883596875 0.6450892875 0.6494709000000001 0.642113096875 0.615079365625 0.640625 0.6494709000000001 0.635416665625 0.5119047625 0.633184525 0.551587303125 0.641369046875 0.554232803125 0.64657738125 0.509259259375 0.651785715625
1 0.6005290999999999 0.780505953125 0.601851853125 0.8162202375 0.6164021156249999 0.781994046875 0.6335978843750001 0.784226190625 0.63095238125 0.7693452375 0.6005290999999999 0.780505953125
1 0.6428571437499999 0.72842261875 0.629629628125 0.742559525 0.6388888875000001 0.762648809375 0.6428571437499999 0.72842261875
1 0.12566137500000002 0.3392857125 0.2010582 0.3169642875 0.178571428125 0.29910714375 0.15211640312500002 0.30580357187499996 0.15873015937499999 0.315476190625 0.11433083125000001 0.3304609625 0.12566137500000002 0.3392857125
1 0.27777777812500004 0.30357142812500004 0.246031746875 0.29464285625 0.19841269687500002 0.329613096875 0.215608465625 0.33035714375 0.13227513125 0.377976190625 0.24338624375 0.328125 0.294973546875 0.317708334375 0.301587303125 0.299851190625 0.27777777812500004 0.30357142812500004
1 0.328042328125 0.268601190625 0.25132275000000004 0.284226190625 0.31878306875 0.3005952375 0.38095238125 0.30580357187499996 0.421957671875 0.32217261875 0.294973546875 0.3318452375 0.42724867812499995 0.33407738125 0.473544971875 0.375 0.48809523749999995 0.3474702375 0.43121693125 0.31473214375 0.48809523749999995 0.3087797625 0.51851851875 0.338541665625 0.5330687843749999 0.33407738125 0.48544973437500005 0.29464285625 0.45899470937500003 0.30357142812500004 0.395502646875 0.29538690624999997 0.351851853125 0.286458334375 0.30555555624999997 0.2857142875 0.3611111125 0.27232142812500004 0.366402115625 0.2857142875 0.37301587187499996 0.266369046875 0.415343915625 0.2619047625 0.476190475 0.27976190624999997 0.5 0.2767857125 0.4378306875 0.258184525 0.341269840625 0.24851190625 0.328042328125 0.268601190625
1 0.37830687812499997 0.39955357187499996 0.41005290937499994 0.39955357187499996 0.37830687812499997 0.4486607125 0.41666666562500004 0.40476190624999997 0.4391534375 0.39732142812500004 0.43253968125000003 0.36607142812500004 0.37830687812499997 0.39955357187499996