0 0.040625 0.3734375 0.04375 0.0375
0 0.9421875 0.728125 0.01875 0.0125
0 0.8203125 0.8609375 0.021875 0.0125
1 0.37698412812500004 0.2693452375 0.40079364999999995 0.258184525 0.45238095312500004 0.302083334375 0.45370370312499997 0.2775297625 0.5119047625 0.322916665625 0.554232803125 0.340773809375 0.5608465625 0.331101190625 0.515873015625 0.31473214375 0.527777778125 0.29464285625 0.5066137562499999 0.296875 0.48148148125 0.26711309375000003 0.5119047625 0.252976190625 0.5370370375 0.262648809375 0.566137565625 0.281994046875 0.5886243375 0.27901785625 0.6230158718750001 0.30357142812500004 0.648148146875 0.285714284375 0.6362433875 0.2693452375 0.621693121875 0.2849702375 0.59920635 0.26711309375000003 0.5846560843749999 0.26711309375000003 0.579365078125 0.23363095312499998 0.544973546875 0.24330357187499999 0.4642857125 0.2462797625 0.440476190625 0.251488096875 0.435185184375 0.22619047499999997 0.45767195625 0.208333334375 0.34259259375 0.1755952375 0.40211640312499997 0.220238096875 0.384920634375 0.2299107125 0.34920635 0.22842261874999997 0.328042328125 0.2462797625 0.34920635 0.25967261875 0.383597884375 0.286458334375 0.37698412812500004 0.29092261875 0.41137566249999996 0.311755953125 0.421957671875 0.2931547625 0.37698412812500004 0.2693452375
1 0.5634920625000001 0.21056547499999997 0.5859788375 0.2075892875 0.551587303125 0.180059525 0.54232804375 0.18526785625 0.5291005281250001 0.15848214375 0.50529100625 0.15699404687500002 0.51984126875 0.190476190625 0.5634920625000001 0.21056547499999997
1 0.5119047625 0.366815475 0.6494709000000001 0.364583334375 0.615079365625 0.359375 0.6494709000000001 0.357886903125 0.597883596875 0.3549107125 0.653439153125 0.351190475 0.514550265625 0.34151785625 0.509259259375 0.348214284375 0.554232803125 0.35342261875 0.551587303125 0.358630953125 0.5119047625 0.366815475
1 0.6164021156249999 0.21800595312499998 0.601851853125 0.1837797625 0.6005290999999999 0.21949404687500002 0.63095238125 0.2306547625 0.6335978843750001 0.215773809375 0.6164021156249999 0.21800595312499998
1 0.6388888875000001 0.237351190625 0.629629628125 0.257440475 0.6428571437499999 0.27157738125 0.6388888875000001 0.237351190625
1 0.11433083125000001 0.6695390375 0.15873015937499999 0.684523809375 0.15211640312500002 0.6941964281249999 0.178571428125 0.7008928562500001 0.2010582 0.6830357125 0.12566137500000002 0.6607142875 0.11433083125000001 0.6695390375
1 0.215608465625 0.6696428562500001 0.19841269687500002 0.670386903125 0.246031746875 0.7053571437499999 0.27777777812500004 0.6964285718750001 0.301587303125 0.700148809375 0.294973546875 0.682291665625 0.24338624375 0.671875 0.13227513125 0.622023809375 0.215608465625 0.6696428562500001
1 0.48544973437500005 0.7053571437499999 0.5330687843749999 0.66592261875 0.51851851875 0.661458334375 0.48809523749999995 0.6912202375 0.43121693125 0.6852678562500001 0.48809523749999995 0.6525297625 0.473544971875 0.625 0.42724867812499995 0.66592261875 0.294973546875 0.6681547625 0.421957671875 0.67782738125 0.38095238125 0.6941964281249999 0.31878306875 0.6994047625 0.25132275000000004 0.715773809375 0.328042328125 0.731398809375 0.341269840625 0.75148809375 0.4378306875 0.741815475 0.5 0.7232142875 0.476190475 0.72023809375 0.415343915625 0.7380952375 0.37301587187499996 0.733630953125 0.366402115625 0.7142857125 0.3611111125 0.7276785718750001 0.30555555624999997 0.7142857125 0.351851853125 0.713541665625 0.395502646875 0.70461309375 0.45899470937500003 0.6964285718750001 0.48544973437500005 0.7053571437499999
1 0.43253968125000003 0.6339285718750001 0.4391534375 0.6026785718750001 0.41666666562500004 0.59523809375 0.37830687812499997 0.5513392875 0.41005290937499994 0.6004464281249999 0.37830687812499997 0.6004464281249999 0.43253968125000003 0.6339285718750001