0 0.6265625 0.6203125 0.0125 0.021875
0 0.7328125 0.5484375 0.0125 0.01875
0 0.2375 0.9015625 0.0125 0.025
0 0.0390625 0.89375 0.00625 0.01875
0 0.79375 0.5671875 0.00625 0.0125
0 0.7921875 0.434375 0.015625 0.015625
0 0.934375 0.496875 0.0125 0.015625
0 0.896875 0.453125 0.00625 0.015625
0 0.903125 0.55 0.00625 0.01875
0 0.325 0.5078125 0.0125 0.025
0 0.3015625 0.596875 0.0125 0.015625
0 0.1375 0.4703125 0.015625 0.01875
0 0.2875 0.171875 0.00625 0.025
0 0.2703125 0.29375 0.0125 0.025
0 0.2625 0.18125 0.009375 0.0125
0 0.2234375 0.271875 0.009375 0.01875
0 0.1390625 0.378125 0.0125 0.0125
0 0.084375 0.253125 0.0125 0.015625
0 0.9359375 0.325 0.00625 0.01875
0 0.9046875 0.353125 0.00625 0.01875
0 0.146875 0.1765625 0.009375 0.015625