0 0.6203125 0.3734375 0.021875 0.0125
0 0.5484375 0.2671875 0.01875 0.0125
0 0.9015625 0.7625 0.025 0.0125
0 0.89375 0.9609375 0.01875 0.00625
0 0.5671875 0.20625 0.0125 0.00625
0 0.434375 0.2078125 0.015625 0.015625
0 0.496875 0.065625 0.015625 0.0125
0 0.453125 0.103125 0.015625 0.00625
0 0.55 0.096875 0.01875 0.00625
0 0.5078125 0.675 0.025 0.0125
0 0.596875 0.6984375 0.015625 0.0125
0 0.4703125 0.8625 0.01875 0.015625
0 0.171875 0.7125 0.025 0.00625
0 0.29375 0.7296875 0.025 0.0125
0 0.18125 0.7375 0.0125 0.009375
0 0.271875 0.7765625 0.01875 0.009375
0 0.378125 0.8609375 0.0125 0.0125
0 0.253125 0.915625 0.015625 0.0125
0 0.325 0.0640625 0.01875 0.00625
0 0.353125 0.0953125 0.01875 0.00625
0 0.1765625 0.853125 0.015625 0.009375