0 0.3796875 0.3734375 0.021875 0.0125
0 0.4515625 0.2671875 0.01875 0.0125
0 0.0984375 0.7625 0.025 0.0125
0 0.10625 0.9609375 0.01875 0.00625
0 0.4328125 0.20625 0.0125 0.00625
0 0.565625 0.2078125 0.015625 0.015625
0 0.503125 0.065625 0.015625 0.0125
0 0.546875 0.103125 0.015625 0.00625
0 0.45 0.096875 0.01875 0.00625
0 0.4921875 0.675 0.025 0.0125
0 0.403125 0.6984375 0.015625 0.0125
0 0.5296875 0.8625 0.01875 0.015625
0 0.828125 0.7125 0.025 0.00625
0 0.70625 0.7296875 0.025 0.0125
0 0.81875 0.7375 0.0125 0.009375
0 0.728125 0.7765625 0.01875 0.009375
0 0.621875 0.8609375 0.0125 0.0125
0 0.746875 0.915625 0.015625 0.0125
0 0.675 0.0640625 0.01875 0.00625
0 0.646875 0.0953125 0.01875 0.00625
0 0.8234375 0.853125 0.015625 0.009375